Sample	2015	2016	2017
NJAU_C001	43.08	44.23	41.66
NJAU_C002	43.51	45.92	43.65
NJAU_C003	40.29	43.67	41.39
NJAU_C004	47.16	43.91	44.21
NJAU_C005	46.86	48.67	47.49
NJAU_C006	44.8	44.34	44.84
NJAU_C007	44.58	47.23	44.58
NJAU_C008	40.13	43.14	41.76
NJAU_C009	48.93	49.29	48.82
NJAU_C010	42.97	43.7	42.73
NJAU_C012	43.11	42.24	43.06
NJAU_C013	45.04	44.01	43.79
NJAU_C014	41.21	41.09	41.61
NJAU_C015	42.21	40.05	40.89
NJAU_C016	44.15	41.11	NA
NJAU_C017	46.84	48.47	47.42
NJAU_C018	45.42	45.93	45.11
NJAU_C019	39.83	41.78	42.75
NJAU_C020	41.7	43.08	45.99
NJAU_C021	38.85	40.61	41.59
NJAU_C022	42.84	44.11	43.39
NJAU_C023	41.37	40.52	41.65
NJAU_C024	43.22	45.2	43.72
NJAU_C025	42.58	42.06	42.85
NJAU_C026	42.17	42.95	42.64
NJAU_C027	40.03	45.96	44.87
NJAU_C028	46.13	45.28	45.3
NJAU_C029	43.59	46.36	43.41
NJAU_C030	42.69	41.03	42.44
NJAU_C031	44.51	42.09	42.02
NJAU_C032	46.58	47.48	46.75
NJAU_C033	41.92	42.57	42.01
NJAU_C034	50.09	45.3	46.43
NJAU_C035	44.82	42.46	42.71
NJAU_C036	45.77	44.49	43.71
NJAU_C037	46.38	48.48	46.42
NJAU_C038	46.29	48.48	NA
NJAU_C039	41.67	40.94	42.55
NJAU_C040	47.53	49.84	48.54
NJAU_C041	46.39	43.79	44.16
NJAU_C043	43.52	46.14	NA
NJAU_C044	42.64	43.89	44.24
NJAU_C045	42.8	43.52	41.8
NJAU_C046	46.71	46.11	47.66
NJAU_C047	46.06	46.39	43.44
NJAU_C048	42.59	45.56	43.22
NJAU_C049	50.02	47.53	48.4
NJAU_C050	39.24	42.74	44.1
NJAU_C051	41.95	42.45	42.89
NJAU_C052	43.78	45.64	45.41
NJAU_C053	44.66	45.5	43.57
NJAU_C054	43.97	47.86	46.63
NJAU_C055	40.67	41.37	41.22
NJAU_C056	44.69	47.12	46.73
NJAU_C057	38.63	39.73	40.12
NJAU_C058	43.13	44.59	44.23
NJAU_C059	47.83	47.71	48.08
NJAU_C060	40.23	41.93	42.2
NJAU_C061	46.56	43.32	44.49
NJAU_C062	42.82	45.84	44.59
NJAU_C063	44.77	49.01	45.65
NJAU_C064	40.31	43.09	40.91
NJAU_C065	45.96	45.82	47.04
NJAU_C066	49.44	47.33	46.18
NJAU_C067	47.43	46.57	44.95
NJAU_C068	49.92	48.14	46.28
NJAU_C069	47.77	47.38	46.2
NJAU_C070	45.21	46.28	45.28
NJAU_C071	43.58	45.62	44.01
NJAU_C072	NA	42.54	41.82
NJAU_C073	44	46.09	43.57
NJAU_C074	42.72	43.86	44.45
NJAU_C075	43.63	43.26	42.07
NJAU_C076	42.87	43.01	41.23
NJAU_C077	41.4	45.33	44.68
NJAU_C078	39.11	40.3	39.47
NJAU_C079	40.21	41.24	41.73
NJAU_C080	43.59	46.12	44.09
NJAU_C081	45.26	45.61	45.96
NJAU_C082	43.3	42.59	44.85
NJAU_C083	41.93	41.5	NA
NJAU_C084	40.21	43.88	41.46
NJAU_C085	37.73	40.44	39.76
NJAU_C086	44.49	45.98	42.21
NJAU_C087	42.58	44.62	43.01
NJAU_C088	39.02	45.5	42.96
NJAU_C089	50.08	47.51	46.45
NJAU_C090	45.5	47.97	47.82
NJAU_C091	44.56	46.61	44.86
NJAU_C092	44.97	46.7	45.45
NJAU_C093	40.31	44.72	44.65
NJAU_C094	39.1	38.69	40.65
NJAU_C095	40.89	45.74	47.08
NJAU_C096	42.48	45.2	45.47
NJAU_C097	43.19	45.17	43.92
NJAU_C098	41.52	44.01	42.69
NJAU_C099	42.43	40.74	39.8
NJAU_C100	39	41.67	42.53
NJAU_C101	43.08	44.32	44.6
NJAU_C102	42.39	42.98	43.1
NJAU_C103	41.36	43.69	41.53
NJAU_C104	41.11	42.61	42.51
NJAU_C105	42.51	46.83	43.81
NJAU_C106	41.25	42.94	41.34
NJAU_C107	43.73	46.46	45.12
NJAU_C108	40.59	43.83	41.77
NJAU_C109	39.23	43.28	41.12
NJAU_C110	45.29	48.2	45.95
NJAU_C111	42.43	43.34	44.24
NJAU_C112	44.28	44.31	42.92
NJAU_C113	45.31	47.66	44.35
NJAU_C114	41.95	44.02	43.33
NJAU_C115	40.99	46.07	45.79
NJAU_C116	41.24	45.36	44.79
NJAU_C117	45.29	47.32	45.05
NJAU_C118	44.7	45.77	44.59
NJAU_C119	43.57	46.4	42.87
NJAU_C120	44.01	46.19	44.55
NJAU_C121	40.59	43.96	40.95
NJAU_C123	40.72	42.73	41.61
NJAU_C124	42.47	46.18	43.05
NJAU_C125	42.38	45.38	43.15
NJAU_C126	37.75	40.61	37.95
NJAU_C127	41.4	42.81	42.13
NJAU_C128	41.7	42.64	40.13
NJAU_C129	40.56	43.81	43.8
NJAU_C130	41.29	44.61	42.98
NJAU_C131	43.47	46.06	46.09
NJAU_C132	40.99	43.03	41.9
NJAU_C133	40.5	43.04	41.02
NJAU_C135	41.34	45.84	43.06
NJAU_C137	41.81	44.72	42.29
NJAU_C138	43.96	46.63	44.63
NJAU_C139	40.5	44.15	39.73
NJAU_C140	39.61	41.47	39.18
NJAU_C141	39.86	41.76	42.22
NJAU_C142	43.14	46.43	44.18
NJAU_C143	40.07	41.98	42.16
NJAU_C144	41.72	40.93	41.84
NJAU_C145	41.63	46.51	42.5
NJAU_C146	44.8	45.12	45.67
NJAU_C147	43.38	44.37	45.37
NJAU_C148	38.55	40.89	40.55
NJAU_C149	42.91	45.39	45
NJAU_C150	40.72	46.39	40.49
NJAU_C151	47.97	47.52	46.92
NJAU_C152	39.6	42.03	42.84
NJAU_C153	41.39	42.3	42.98
NJAU_C154	40.17	41.26	43.14
NJAU_C155	44.06	45.89	42.77
NJAU_C156	41.68	41.16	41.85
NJAU_C157	43.72	44.66	44.14
NJAU_C158	43.12	44.47	42.79
NJAU_C159	44.72	46.07	44.48
NJAU_C160	40.98	42.4	40.75
NJAU_C161	37.88	41.65	40.48
NJAU_C162	42.58	43.72	41.83
NJAU_C163	41.94	43.3	41.59
NJAU_C164	42.35	44.55	44.17
NJAU_C165	36.15	39.5	38.89
NJAU_C166	40.38	44.4	42.58
NJAU_C167	46.95	44.41	44.62
NJAU_C168	42.64	46.23	42.69
NJAU_C169	44.43	44.41	45.24
NJAU_C171	45.2	47.11	43.46
NJAU_C172	43.69	44.76	43.75
NJAU_C173	44.08	49.4	47.14
NJAU_C174	38.46	41.92	41.87
NJAU_C175	37.55	40.3	40.95
NJAU_C176	42.64	45.03	45.9
NJAU_C177	38.68	42.12	41.93
NJAU_C178	47.23	50.3	48.98
NJAU_C179	43.78	46	43.42
NJAU_C180	43.77	43.62	44.86
NJAU_C181	43.26	46.54	42.98
NJAU_C182	40.09	42.51	42.65
NJAU_C183	43.61	44.9	44.64
NJAU_C184	42.64	44.92	42.86
NJAU_C185	44	47.34	47.49
NJAU_C186	41.18	42.3	42.06
NJAU_C187	42.6	46.4	44.26
NJAU_C188	44.95	46.32	47.14
NJAU_C189	40.16	40.99	41.59
NJAU_C190	43.87	46.21	44.21
NJAU_C191	43.85	46.43	46.3
NJAU_C193	40.58	41.71	41.94
NJAU_C194	38.74	41.43	42.92
NJAU_C195	39.62	40.66	40.6
NJAU_C196	42.09	43.2	43.62
NJAU_C197	40.83	44.66	43.63
NJAU_C198	41.97	43.9	42.85
NJAU_C199	42.01	43.15	44.66
NJAU_C200	40.4	39.34	38.6
NJAU_C201	44.08	43.75	45.44
NJAU_C202	38.25	38.24	39.33
NJAU_C203	41	40.65	41.27
NJAU_C204	41.99	41.23	44.87
NJAU_C205	41.9	41.86	43.72
NJAU_C206	44.63	41.86	42.17
NJAU_C207	44.34	44.24	43.48
NJAU_C208	42.83	44.91	44.63
NJAU_C209	44.24	45.76	44.22
NJAU_C211	39.08	45.05	41.58
NJAU_C212	39.54	40.22	39.1
NJAU_C213	43.34	42.87	41.94
NJAU_C214	43.23	46.43	44.6
NJAU_C215	40.31	42.81	42.88
NJAU_C216	36.35	38.85	37.25
NJAU_C217	40.46	43.9	40.85
NJAU_C218	41.69	46.06	45.29
NJAU_C219	43.43	46.11	45.56
